94846751 15 12 17 19 20 19 15 13 55 30  9 118
72768560 20 10  3 13 18  8  7 17 27 25  8  56
87438591 19  5 15 11 13 19  8 20 17 54 14  85
66146196 14  8 18  9 10 16 17 19 43 38  7  76
94888427 11 19 20 15 18 20 18 10 73 47 20  98
98018769 17  4 14 20 16 17 20 12 63 52  1 101
 1697676 15 17 14 19 18 18 20 16 74 54  7 118
58058213 15 11 17 14 19 15 15  9 71 17  0  76
83739363 10 15 14  6  5  5 18 15 63 32 15  81
63694028  5 12 17 10 19 12 20 20 72 56 16  63
98958598  8 12 19 10 17 18 14 17 33 59 11  71
76562576 14 20 20 17 20 10  6 19 63 68 20 121
80959250 11  6 18 17 20 19  8 15 61 51 16  83
56728145 13  8  2  8  4 17 20  0 41 45 19 122
95546254 16 11 20  4 16 15 18 17 66 52  7  46
58379513 19 18 12 18 16 12  8 16 56 60 10  92
61036923 16 20 19  5 15 16 20 19 49 51 18  72
97149098 18  5 20  5 18 19 20 20 57 56  6  67
54416856 18 10 10 16 15 13 20 10 30 54 10  93
46907790 17 16  8  6 20 11  0 20 48 46  0  75
79265956 17 13 11 19 10 19  8  8 57 41 19  71
79506149 15 13 18 20 18 18 19 20 67 45 10  92
13139720 13  0 16  5 14  2 12 19 54 60 16  90
90757664 20 19 16 15 16  7 12 12 50 58 14 112
59939293 19 16 17 10 17 13 17 17 53 37 10  80
90581726 11 14 19 13 18 15 13 20 41 32  9  90
50598453 19 16 20 19 15  4 12 16 38 41 15 112
74559512 11 19 19 14 20  9  6 13 51 48 17  86
57249968 20 11 20 17 16 20 14 12 49 23 16 113
90749960  9 14 11 20  9  6 13 18 50 48 19  78
93255554 15 20 16 19 20 18  9 18 52 58 19 103
75075020 17 19 20 20  9 17  8 19 17 53 19 102
81627101  6 19 20  9  9  9 17 20 37 39 10  81
56458631  9 14 20 16 19 12 17  7 71 31 14 118
54197920 18  6 20 18 19  9 20 17 66 60 20  69
55177372 20  5  5 17 19 18 10 14 66 54  7 123
54674884 16 15  7 19 17 19 10 20 32 37  9  97
64799727 16 12 18 18 15 14  3  8 75 42  9 105
96489515 11 16 15  9 16 14 16 19 21 47  6 122
84617126 16 15 13 20 19 20 18 18 54 28 13 113
97306732 11  6  7  4  7 14  9 11 41 27 10 104
95587356 20 10 16 14  7 10 17 14 72 47 20 120
64034032 15 20 12 20 10 12 20 17 35 48 15  41
83083660  7 12 13 14 17  9 13 14 52 15  0  95
98118954 17 17 10 20  8 12 15 12 75 54  4  63
52268117  9  5  2  8 16  0 18  0 56 33  0  50
95768917 18  8 13  5 19 17 12 11 56 26  3 118
98317182  4  6 18 16  7 12 15  8 31 24 15 109
 6798839 17 10 13 17 18 16 19 20 49 35 10  87
96109943 11 17 15 20 11 20 17  8 23 27 20 105
